start=565.633333
speed=1.000000
pause=yes
volume=160.000000
fullscreen=yes
