start=29.884082
pause=yes
volume=200.000000
