start=73.333333
pause=yes
volume=106.000000
