start=33.668934
pause=yes
volume=132.000000
