start=44.511875
volume=72.000000
