start=33.668934
pause=yes
volume=200.000000
