start=1197.000000
pause=yes
sid=4
sub-delay=-9.268000
