start=33.668934
pause=yes
volume=176.000000
