start=0.000000
pause=yes
volume=64.000000
gamma=-37
brightness=28
contrast=1
saturation=36
