start=15.220339
pause=yes
volume=106.000000
