start=34.232125
volume=78.000000
