start=4.330667
pause=yes
volume=124.000000
