start=380.867000
speed=2.000000
fullscreen=yes
